316001637
316001836
316001844
316004370
316011710
316011905
316014050
316018477
316022391
316023339
316023808
316024256
316026694
316607241
338866000
338888000
366904890
366904910
366904930
366904940
366904950
366906610
366930730
366938710
366938730
366938760
366938770
366938780
366971330
366971340
366971360
366971370
366972020
366980890
366983440
366997480
366999985
367050160
367050550
367057570
367082220
367082230
367120990
367121010
367121040
367129320
367341010
367480260
367491260
367511590
367599370
367787130
368049510
368156740
368183000
369953000
