316001635
316001637
316001687
316001698
316001834
316001836
316001844
316001890
316004370
316004940
316004950
316009090
316009457
316011710
316011905
316013966
316014050
316014060
316014160
316018031
316018477
316022391
316023339
316023341
316023808
316024256
316026694
316607241
338060242
338322863
338866000
338888000
366904880
366904890
366904910
366904930
366904940
366904950
366905890
366906610
366930730
366938710
366938730
366938760
366938770
366938780
366971330
366971340
366971360
366971370
366972020
366978440
366980890
366983440
366997480
366999985
367050160
367050550
367057570
367082220
367082230
367120990
367121010
367121040
367129320
367331980
367331990
367332010
367332030
367341010
367480260
367491260
367511590
367599370
367787130
367789620
368049510
368156740
368183000
369953000
